0.043971 202
0.009456 8
0.006232 145
0.010385 133
0.013911 136
2.911542 7
0.000350 46
0.005996 52
0.033101 71
0.182373 70
0.127214 69
0.000448 76
0.191273 48
0.000392 54
0.012641 47
0.122801 66
0.281011 20
0.000211 60
4.756492 7
0.000311 46
0.037576 45
0.167198 45
0.155357 45
0.293572 10
0.128710 45
0.117668 45
1.224098 45
0.153811 45
0.000171 8
1.470638 7
0.000418 46
0.438523 45
0.256002 31
0.000115 145
1.544470 7
0.000375 46
0.108641 45
0.620870 45
0.202978 45
0.250436 45
0.136207 45
0.259893 45
0.416910 13
0.000350 8
0.008528 60
0.055846 107
0.001363 8
0.002726 27
0.000033 127
2.414852 7
0.000247 70
0.000161 91
0.062755 89
0.122662 88
0.143474 87
0.000189 94
0.240608 665
0.524941 48
0.000058 8
0.621071 10
0.333451 111
0.000043 95
0.630942 76
0.000080 117
1.520841 10
0.000418 46
0.021769 45
0.309569 98
0.000160 48
1.993664 45
0.000240 8
0.449529 7
0.000367 46
0.364921 45
0.078054 45
0.188986 45
0.362825 147
0.389838 48
0.000120 8
1.804506 7
0.000405 46
0.422502 45
0.219729 45
0.231071 45
0.180117 45
0.000354 8
1.630190 7
0.000446 55
0.008181 51
0.136441 79
0.327473 78
0.241776 77
0.195732 76
0.121760 75
0.247063 74
0.151748 54
0.000389 8
1.839728 7
0.000472 46
0.339786 45
0.314636 45
0.129951 45
1.235390 45
0.000282 8
1.838146 7
0.000440 46
0.448567 45
0.167918 45
0.940966 45
0.211995 45
0.164449 45
0.197022 45
1.629794 13
0.000182 8
0.010240 60
0.010449 380
3.899529 1
0.196955 1
1.107831 2
0.000203 48
8.325329 1
0.314750 1
0.241619 1
0.285192 1
0.150058 1
0.424373 1
1.246834 2
0.617544 1
0.307384 2
0.700461 1
0.109667 1
0.984320 2
0.000209 28
3.874447 1
0.216637 1
0.097791 1
0.383899 1
0.198328 2
0.296986 1
0.159011 1
0.329999 2
0.000252 59
6.708348 1
0.540199 1
0.249284 1
0.585285 2
0.000180 42
2.759348 2
0.000180 47
3.569634 1
0.271172 1
0.231411 1
0.085208 1
0.107267 1
0.069116 1
0.300596 2
0.000295 17
4.839088 1
0.093870 1
0.196929 1
0.769967 1
0.071004 1
0.129811 1
0.462608 3
0.207108 3
0.157612 3
0.145814 3
0.154477 3
1.147266 1
0.304605 1
0.038808 1
0.182190 1
0.120275 1
0.173944 1
0.768456 1
0.125948 1
0.794016 3
0.355951 3
0.181702 3
0.164459 3
0.187154 3
0.184003 3
0.616206 3
0.183917 3
0.182089 3
0.753592 1
0.063530 1
0.420452 1
0.551234 1
0.069966 1
0.692477 1
2.838672 1
2.165843 1
0.110862 1
1.775289 3
0.187353 3
0.942050 1
0.118716 1
4.643597 3
0.181899 3
0.601200 3
0.039574 3
0.040313 3
0.039410 3
0.040374 3
0.039215 3
0.040612 3
2.206254 2
0.000027 91
0.000021 24
2.182977 1
0.063433 1
0.127004 1
0.375318 1
0.282651 2
0.000259 28
8.596365 2
0.008598 107
0.001815 8
0.004630 27
0.000032 136
12.802267 7
0.000291 191
0.031205 104
0.135599 103
0.128585 102
0.000137 109
0.158796 101
0.000312 110
0.147251 100
0.875085 99
0.000322 112
0.358344 98
0.000185 80
1.739983 10
0.000476 46
1.423576 45
0.072828 45
0.534933 45
1.622303 45
0.000351 8
0.663158 7
0.000443 46
0.423568 45
0.062089 45
0.211469 45
1.949979 45
0.000326 8
0.604596 7
0.000140 46
0.205374 45
0.170860 45
0.247036 45
0.109794 45
1.684677 45
0.000466 8
0.683144 7
0.000430 46
0.400668 45
0.047011 45
2.078816 45
0.000457 8
0.823499 7
0.000468 46
0.337566 45
0.070172 45
0.126600 45
0.000495 8
2.336019 7
0.000509 55
0.008869 51
0.052522 79
0.255235 78
0.389604 77
0.486277 76
0.136162 75
0.187816 74
1.851221 54
0.000525 8
0.535699 7
0.000701 46
0.173911 45
0.250126 45
0.085963 45
0.190151 45
0.656116 10
0.182180 10
0.340515 45
0.094747 45
0.839179 45
0.123886 45
0.401167 45
1.993589 45
0.000509 8
0.594267 7
0.000346 55
0.006456 6
0.147171 51
0.340302 91
0.489383 83
0.123321 80
0.270144 79
0.072143 78
2.945521 58
0.000445 12
0.671646 11
0.000575 50
0.725210 49
0.247803 49
0.110058 50
0.088691 50
0.000478 13
0.491203 12
0.000587 60
0.008432 56
0.101760 62
0.000499 53
0.245450 50
0.207293 50
0.973901 50
0.171632 50
0.125443 50
0.184773 50
0.345016 13
0.000315 8
0.007070 60
0.017912 136
0.000011 5
0.003364 107
0.001256 8
0.003232 27
0.000037 127
12.741577 7
0.000321 46
0.000147 71
0.211185 48
0.000039 46
0.084433 65
0.167166 51
0.000177 52
0.148808 19
0.000191 8
0.010242 33
0.000032 11
0.000526 11
0.002198 8
